0.000000000000000000e+00 -1.661324772583615106e+00
0.000000000000000000e+00 -1.516861748880691918e+00
0.000000000000000000e+00 -1.372398725177768952e+00
0.000000000000000000e+00 -1.227935701474845986e+00
0.000000000000000000e+00 -1.083472677771922799e+00
0.000000000000000000e+00 -9.390096540689998328e-01
0.000000000000000000e+00 -7.945466303660767560e-01
0.000000000000000000e+00 -6.500836066631536792e-01
0.000000000000000000e+00 -5.056205829602307134e-01
0.000000000000000000e+00 -3.611575592573076365e-01
0.000000000000000000e+00 -2.166945355543845597e-01
0.000000000000000000e+00 -7.223151185146152453e-02
0.000000000000000000e+00 7.223151185146152453e-02
0.000000000000000000e+00 2.166945355543845597e-01
0.000000000000000000e+00 3.611575592573076365e-01
0.000000000000000000e+00 5.056205829602307134e-01
0.000000000000000000e+00 6.500836066631536792e-01
0.000000000000000000e+00 7.945466303660767560e-01
0.000000000000000000e+00 9.390096540689998328e-01
0.000000000000000000e+00 1.083472677771922799e+00
0.000000000000000000e+00 1.227935701474845986e+00
0.000000000000000000e+00 1.372398725177768952e+00
0.000000000000000000e+00 1.516861748880691918e+00
0.000000000000000000e+00 1.661324772583615106e+00
1.000000000000000000e+00 -1.661324772583615106e+00
1.000000000000000000e+00 -1.516861748880691918e+00
1.000000000000000000e+00 -1.372398725177768952e+00
1.000000000000000000e+00 -1.227935701474845986e+00
1.000000000000000000e+00 -1.083472677771922799e+00
1.000000000000000000e+00 -9.390096540689998328e-01
1.000000000000000000e+00 -7.945466303660767560e-01
1.000000000000000000e+00 -6.500836066631536792e-01
1.000000000000000000e+00 -5.056205829602307134e-01
1.000000000000000000e+00 -3.611575592573076365e-01
1.000000000000000000e+00 -2.166945355543845597e-01
1.000000000000000000e+00 -7.223151185146152453e-02
1.000000000000000000e+00 7.223151185146152453e-02
1.000000000000000000e+00 2.166945355543845597e-01
1.000000000000000000e+00 3.611575592573076365e-01
1.000000000000000000e+00 5.056205829602307134e-01
1.000000000000000000e+00 6.500836066631536792e-01
1.000000000000000000e+00 7.945466303660767560e-01
1.000000000000000000e+00 9.390096540689998328e-01
1.000000000000000000e+00 1.083472677771922799e+00
1.000000000000000000e+00 1.227935701474845986e+00
1.000000000000000000e+00 1.372398725177768952e+00
1.000000000000000000e+00 1.516861748880691918e+00
1.000000000000000000e+00 1.661324772583615106e+00
1.000000000000000000e+00 -1.661324772583615106e+00
1.000000000000000000e+00 -1.516861748880691918e+00
1.000000000000000000e+00 -1.372398725177768952e+00
1.000000000000000000e+00 -1.227935701474845986e+00
1.000000000000000000e+00 -1.083472677771922799e+00
1.000000000000000000e+00 -9.390096540689998328e-01
1.000000000000000000e+00 -7.945466303660767560e-01
1.000000000000000000e+00 -6.500836066631536792e-01
1.000000000000000000e+00 -5.056205829602307134e-01
1.000000000000000000e+00 -3.611575592573076365e-01
1.000000000000000000e+00 -2.166945355543845597e-01
1.000000000000000000e+00 -7.223151185146152453e-02
1.000000000000000000e+00 7.223151185146152453e-02
1.000000000000000000e+00 2.166945355543845597e-01
1.000000000000000000e+00 3.611575592573076365e-01
1.000000000000000000e+00 5.056205829602307134e-01
1.000000000000000000e+00 6.500836066631536792e-01
1.000000000000000000e+00 7.945466303660767560e-01
1.000000000000000000e+00 9.390096540689998328e-01
1.000000000000000000e+00 1.083472677771922799e+00
1.000000000000000000e+00 1.227935701474845986e+00
1.000000000000000000e+00 1.372398725177768952e+00
1.000000000000000000e+00 1.516861748880691918e+00
1.000000000000000000e+00 1.661324772583615106e+00
1.000000000000000000e+00 -1.661324772583615106e+00
1.000000000000000000e+00 -1.516861748880691918e+00
1.000000000000000000e+00 -1.372398725177768952e+00
1.000000000000000000e+00 -1.227935701474845986e+00
1.000000000000000000e+00 -1.083472677771922799e+00
1.000000000000000000e+00 -9.390096540689998328e-01
1.000000000000000000e+00 -7.945466303660767560e-01
1.000000000000000000e+00 -6.500836066631536792e-01
1.000000000000000000e+00 -5.056205829602307134e-01
1.000000000000000000e+00 -3.611575592573076365e-01
1.000000000000000000e+00 -2.166945355543845597e-01
1.000000000000000000e+00 -7.223151185146152453e-02
1.000000000000000000e+00 7.223151185146152453e-02
1.000000000000000000e+00 2.166945355543845597e-01
1.000000000000000000e+00 3.611575592573076365e-01
1.000000000000000000e+00 5.056205829602307134e-01
1.000000000000000000e+00 6.500836066631536792e-01
1.000000000000000000e+00 7.945466303660767560e-01
1.000000000000000000e+00 9.390096540689998328e-01
1.000000000000000000e+00 1.083472677771922799e+00
1.000000000000000000e+00 1.227935701474845986e+00
1.000000000000000000e+00 1.372398725177768952e+00
1.000000000000000000e+00 1.516861748880691918e+00
1.000000000000000000e+00 1.661324772583615106e+00
1.000000000000000000e+00 -1.661324772583615106e+00
1.000000000000000000e+00 -1.516861748880691918e+00
1.000000000000000000e+00 -1.372398725177768952e+00
1.000000000000000000e+00 -1.227935701474845986e+00
1.000000000000000000e+00 -1.083472677771922799e+00
1.000000000000000000e+00 -9.390096540689998328e-01
1.000000000000000000e+00 -7.945466303660767560e-01
1.000000000000000000e+00 -6.500836066631536792e-01
1.000000000000000000e+00 -5.056205829602307134e-01
1.000000000000000000e+00 -3.611575592573076365e-01
1.000000000000000000e+00 -2.166945355543845597e-01
1.000000000000000000e+00 -7.223151185146152453e-02
1.000000000000000000e+00 7.223151185146152453e-02
1.000000000000000000e+00 2.166945355543845597e-01
1.000000000000000000e+00 3.611575592573076365e-01
1.000000000000000000e+00 5.056205829602307134e-01
1.000000000000000000e+00 6.500836066631536792e-01
1.000000000000000000e+00 7.945466303660767560e-01
1.000000000000000000e+00 9.390096540689998328e-01
1.000000000000000000e+00 1.083472677771922799e+00
1.000000000000000000e+00 1.227935701474845986e+00
1.000000000000000000e+00 1.372398725177768952e+00
1.000000000000000000e+00 1.516861748880691918e+00
1.000000000000000000e+00 1.661324772583615106e+00
1.000000000000000000e+00 -1.661324772583615106e+00
1.000000000000000000e+00 -1.516861748880691918e+00
1.000000000000000000e+00 -1.372398725177768952e+00
1.000000000000000000e+00 -1.227935701474845986e+00
1.000000000000000000e+00 -1.083472677771922799e+00
1.000000000000000000e+00 -9.390096540689998328e-01
1.000000000000000000e+00 -7.945466303660767560e-01
1.000000000000000000e+00 -6.500836066631536792e-01
1.000000000000000000e+00 -5.056205829602307134e-01
1.000000000000000000e+00 -3.611575592573076365e-01
1.000000000000000000e+00 -2.166945355543845597e-01
1.000000000000000000e+00 -7.223151185146152453e-02
1.000000000000000000e+00 7.223151185146152453e-02
1.000000000000000000e+00 2.166945355543845597e-01
1.000000000000000000e+00 3.611575592573076365e-01
1.000000000000000000e+00 5.056205829602307134e-01
1.000000000000000000e+00 6.500836066631536792e-01
1.000000000000000000e+00 7.945466303660767560e-01
1.000000000000000000e+00 9.390096540689998328e-01
1.000000000000000000e+00 1.083472677771922799e+00
1.000000000000000000e+00 1.227935701474845986e+00
1.000000000000000000e+00 1.372398725177768952e+00
1.000000000000000000e+00 1.516861748880691918e+00
1.000000000000000000e+00 1.661324772583615106e+00
0.000000000000000000e+00 -1.661324772583615106e+00
0.000000000000000000e+00 -1.516861748880691918e+00
0.000000000000000000e+00 -1.372398725177768952e+00
0.000000000000000000e+00 -1.227935701474845986e+00
0.000000000000000000e+00 -1.083472677771922799e+00
0.000000000000000000e+00 -9.390096540689998328e-01
0.000000000000000000e+00 -7.945466303660767560e-01
0.000000000000000000e+00 -6.500836066631536792e-01
0.000000000000000000e+00 -5.056205829602307134e-01
0.000000000000000000e+00 -3.611575592573076365e-01
0.000000000000000000e+00 -2.166945355543845597e-01
0.000000000000000000e+00 -7.223151185146152453e-02
0.000000000000000000e+00 7.223151185146152453e-02
0.000000000000000000e+00 2.166945355543845597e-01
0.000000000000000000e+00 3.611575592573076365e-01
0.000000000000000000e+00 5.056205829602307134e-01
0.000000000000000000e+00 6.500836066631536792e-01
0.000000000000000000e+00 7.945466303660767560e-01
0.000000000000000000e+00 9.390096540689998328e-01
0.000000000000000000e+00 1.083472677771922799e+00
0.000000000000000000e+00 1.227935701474845986e+00
0.000000000000000000e+00 1.372398725177768952e+00
0.000000000000000000e+00 1.516861748880691918e+00
0.000000000000000000e+00 1.661324772583615106e+00
0.000000000000000000e+00 -1.661324772583615106e+00
0.000000000000000000e+00 -1.516861748880691918e+00
0.000000000000000000e+00 -1.372398725177768952e+00
0.000000000000000000e+00 -1.227935701474845986e+00
0.000000000000000000e+00 -1.083472677771922799e+00
0.000000000000000000e+00 -9.390096540689998328e-01
0.000000000000000000e+00 -7.945466303660767560e-01
0.000000000000000000e+00 -6.500836066631536792e-01
0.000000000000000000e+00 -5.056205829602307134e-01
0.000000000000000000e+00 -3.611575592573076365e-01
0.000000000000000000e+00 -2.166945355543845597e-01
0.000000000000000000e+00 -7.223151185146152453e-02
0.000000000000000000e+00 7.223151185146152453e-02
0.000000000000000000e+00 2.166945355543845597e-01
0.000000000000000000e+00 3.611575592573076365e-01
0.000000000000000000e+00 5.056205829602307134e-01
0.000000000000000000e+00 6.500836066631536792e-01
0.000000000000000000e+00 7.945466303660767560e-01
0.000000000000000000e+00 9.390096540689998328e-01
0.000000000000000000e+00 1.083472677771922799e+00
0.000000000000000000e+00 1.227935701474845986e+00
0.000000000000000000e+00 1.372398725177768952e+00
0.000000000000000000e+00 1.516861748880691918e+00
0.000000000000000000e+00 1.661324772583615106e+00
1.000000000000000000e+00 -1.661324772583615106e+00
1.000000000000000000e+00 -1.516861748880691918e+00
1.000000000000000000e+00 -1.372398725177768952e+00
1.000000000000000000e+00 -1.227935701474845986e+00
1.000000000000000000e+00 -1.083472677771922799e+00
1.000000000000000000e+00 -9.390096540689998328e-01
1.000000000000000000e+00 -7.945466303660767560e-01
1.000000000000000000e+00 -6.500836066631536792e-01
1.000000000000000000e+00 -5.056205829602307134e-01
1.000000000000000000e+00 -3.611575592573076365e-01
1.000000000000000000e+00 -2.166945355543845597e-01
1.000000000000000000e+00 -7.223151185146152453e-02
1.000000000000000000e+00 7.223151185146152453e-02
1.000000000000000000e+00 2.166945355543845597e-01
1.000000000000000000e+00 3.611575592573076365e-01
1.000000000000000000e+00 5.056205829602307134e-01
1.000000000000000000e+00 6.500836066631536792e-01
1.000000000000000000e+00 7.945466303660767560e-01
1.000000000000000000e+00 9.390096540689998328e-01
1.000000000000000000e+00 1.083472677771922799e+00
1.000000000000000000e+00 1.227935701474845986e+00
1.000000000000000000e+00 1.372398725177768952e+00
1.000000000000000000e+00 1.516861748880691918e+00
1.000000000000000000e+00 1.661324772583615106e+00
1.000000000000000000e+00 -1.661324772583615106e+00
1.000000000000000000e+00 -1.516861748880691918e+00
1.000000000000000000e+00 -1.372398725177768952e+00
1.000000000000000000e+00 -1.227935701474845986e+00
1.000000000000000000e+00 -1.083472677771922799e+00
1.000000000000000000e+00 -9.390096540689998328e-01
1.000000000000000000e+00 -7.945466303660767560e-01
1.000000000000000000e+00 -6.500836066631536792e-01
1.000000000000000000e+00 -5.056205829602307134e-01
1.000000000000000000e+00 -3.611575592573076365e-01
1.000000000000000000e+00 -2.166945355543845597e-01
1.000000000000000000e+00 -7.223151185146152453e-02
1.000000000000000000e+00 7.223151185146152453e-02
1.000000000000000000e+00 2.166945355543845597e-01
1.000000000000000000e+00 3.611575592573076365e-01
1.000000000000000000e+00 5.056205829602307134e-01
1.000000000000000000e+00 6.500836066631536792e-01
1.000000000000000000e+00 7.945466303660767560e-01
1.000000000000000000e+00 9.390096540689998328e-01
1.000000000000000000e+00 1.083472677771922799e+00
1.000000000000000000e+00 1.227935701474845986e+00
1.000000000000000000e+00 1.372398725177768952e+00
1.000000000000000000e+00 1.516861748880691918e+00
1.000000000000000000e+00 1.661324772583615106e+00
1.000000000000000000e+00 -1.661324772583615106e+00
1.000000000000000000e+00 -1.516861748880691918e+00
1.000000000000000000e+00 -1.372398725177768952e+00
1.000000000000000000e+00 -1.227935701474845986e+00
1.000000000000000000e+00 -1.083472677771922799e+00
1.000000000000000000e+00 -9.390096540689998328e-01
1.000000000000000000e+00 -7.945466303660767560e-01
1.000000000000000000e+00 -6.500836066631536792e-01
1.000000000000000000e+00 -5.056205829602307134e-01
1.000000000000000000e+00 -3.611575592573076365e-01
1.000000000000000000e+00 -2.166945355543845597e-01
1.000000000000000000e+00 -7.223151185146152453e-02
1.000000000000000000e+00 7.223151185146152453e-02
1.000000000000000000e+00 2.166945355543845597e-01
1.000000000000000000e+00 3.611575592573076365e-01
1.000000000000000000e+00 5.056205829602307134e-01
1.000000000000000000e+00 6.500836066631536792e-01
1.000000000000000000e+00 7.945466303660767560e-01
1.000000000000000000e+00 9.390096540689998328e-01
1.000000000000000000e+00 1.083472677771922799e+00
1.000000000000000000e+00 1.227935701474845986e+00
1.000000000000000000e+00 1.372398725177768952e+00
1.000000000000000000e+00 1.516861748880691918e+00
1.000000000000000000e+00 1.661324772583615106e+00
1.000000000000000000e+00 -1.661324772583615106e+00
1.000000000000000000e+00 -1.516861748880691918e+00
1.000000000000000000e+00 -1.372398725177768952e+00
1.000000000000000000e+00 -1.227935701474845986e+00
1.000000000000000000e+00 -1.083472677771922799e+00
1.000000000000000000e+00 -9.390096540689998328e-01
1.000000000000000000e+00 -7.945466303660767560e-01
1.000000000000000000e+00 -6.500836066631536792e-01
1.000000000000000000e+00 -5.056205829602307134e-01
1.000000000000000000e+00 -3.611575592573076365e-01
1.000000000000000000e+00 -2.166945355543845597e-01
1.000000000000000000e+00 -7.223151185146152453e-02
1.000000000000000000e+00 7.223151185146152453e-02
1.000000000000000000e+00 2.166945355543845597e-01
1.000000000000000000e+00 3.611575592573076365e-01
1.000000000000000000e+00 5.056205829602307134e-01
1.000000000000000000e+00 6.500836066631536792e-01
1.000000000000000000e+00 7.945466303660767560e-01
1.000000000000000000e+00 9.390096540689998328e-01
1.000000000000000000e+00 1.083472677771922799e+00
1.000000000000000000e+00 1.227935701474845986e+00
1.000000000000000000e+00 1.372398725177768952e+00
1.000000000000000000e+00 1.516861748880691918e+00
1.000000000000000000e+00 1.661324772583615106e+00
1.000000000000000000e+00 -1.661324772583615106e+00
1.000000000000000000e+00 -1.516861748880691918e+00
1.000000000000000000e+00 -1.372398725177768952e+00
1.000000000000000000e+00 -1.227935701474845986e+00
1.000000000000000000e+00 -1.083472677771922799e+00
1.000000000000000000e+00 -9.390096540689998328e-01
1.000000000000000000e+00 -7.945466303660767560e-01
1.000000000000000000e+00 -6.500836066631536792e-01
1.000000000000000000e+00 -5.056205829602307134e-01
1.000000000000000000e+00 -3.611575592573076365e-01
1.000000000000000000e+00 -2.166945355543845597e-01
1.000000000000000000e+00 -7.223151185146152453e-02
1.000000000000000000e+00 7.223151185146152453e-02
1.000000000000000000e+00 2.166945355543845597e-01
1.000000000000000000e+00 3.611575592573076365e-01
1.000000000000000000e+00 5.056205829602307134e-01
1.000000000000000000e+00 6.500836066631536792e-01
1.000000000000000000e+00 7.945466303660767560e-01
1.000000000000000000e+00 9.390096540689998328e-01
1.000000000000000000e+00 1.083472677771922799e+00
1.000000000000000000e+00 1.227935701474845986e+00
1.000000000000000000e+00 1.372398725177768952e+00
1.000000000000000000e+00 1.516861748880691918e+00
1.000000000000000000e+00 1.661324772583615106e+00
0.000000000000000000e+00 -1.661324772583615106e+00
0.000000000000000000e+00 -1.516861748880691918e+00
0.000000000000000000e+00 -1.372398725177768952e+00
0.000000000000000000e+00 -1.227935701474845986e+00
0.000000000000000000e+00 -1.083472677771922799e+00
0.000000000000000000e+00 -9.390096540689998328e-01
0.000000000000000000e+00 -7.945466303660767560e-01
0.000000000000000000e+00 -6.500836066631536792e-01
0.000000000000000000e+00 -5.056205829602307134e-01
0.000000000000000000e+00 -3.611575592573076365e-01
0.000000000000000000e+00 -2.166945355543845597e-01
0.000000000000000000e+00 -7.223151185146152453e-02
0.000000000000000000e+00 7.223151185146152453e-02
0.000000000000000000e+00 2.166945355543845597e-01
0.000000000000000000e+00 3.611575592573076365e-01
0.000000000000000000e+00 5.056205829602307134e-01
0.000000000000000000e+00 6.500836066631536792e-01
0.000000000000000000e+00 7.945466303660767560e-01
0.000000000000000000e+00 9.390096540689998328e-01
0.000000000000000000e+00 1.083472677771922799e+00
0.000000000000000000e+00 1.227935701474845986e+00
0.000000000000000000e+00 1.372398725177768952e+00
0.000000000000000000e+00 1.516861748880691918e+00
0.000000000000000000e+00 1.661324772583615106e+00
0.000000000000000000e+00 -1.661324772583615106e+00
0.000000000000000000e+00 -1.516861748880691918e+00
0.000000000000000000e+00 -1.372398725177768952e+00
0.000000000000000000e+00 -1.227935701474845986e+00
0.000000000000000000e+00 -1.083472677771922799e+00
0.000000000000000000e+00 -9.390096540689998328e-01
0.000000000000000000e+00 -7.945466303660767560e-01
0.000000000000000000e+00 -6.500836066631536792e-01
0.000000000000000000e+00 -5.056205829602307134e-01
0.000000000000000000e+00 -3.611575592573076365e-01
0.000000000000000000e+00 -2.166945355543845597e-01
0.000000000000000000e+00 -7.223151185146152453e-02
0.000000000000000000e+00 7.223151185146152453e-02
0.000000000000000000e+00 2.166945355543845597e-01
0.000000000000000000e+00 3.611575592573076365e-01
0.000000000000000000e+00 5.056205829602307134e-01
0.000000000000000000e+00 6.500836066631536792e-01
0.000000000000000000e+00 7.945466303660767560e-01
0.000000000000000000e+00 9.390096540689998328e-01
0.000000000000000000e+00 1.083472677771922799e+00
0.000000000000000000e+00 1.227935701474845986e+00
0.000000000000000000e+00 1.372398725177768952e+00
0.000000000000000000e+00 1.516861748880691918e+00
0.000000000000000000e+00 1.661324772583615106e+00
1.000000000000000000e+00 -1.661324772583615106e+00
1.000000000000000000e+00 -1.516861748880691918e+00
1.000000000000000000e+00 -1.372398725177768952e+00
1.000000000000000000e+00 -1.227935701474845986e+00
1.000000000000000000e+00 -1.083472677771922799e+00
1.000000000000000000e+00 -9.390096540689998328e-01
1.000000000000000000e+00 -7.945466303660767560e-01
1.000000000000000000e+00 -6.500836066631536792e-01
1.000000000000000000e+00 -5.056205829602307134e-01
1.000000000000000000e+00 -3.611575592573076365e-01
1.000000000000000000e+00 -2.166945355543845597e-01
1.000000000000000000e+00 -7.223151185146152453e-02
1.000000000000000000e+00 7.223151185146152453e-02
1.000000000000000000e+00 2.166945355543845597e-01
1.000000000000000000e+00 3.611575592573076365e-01
1.000000000000000000e+00 5.056205829602307134e-01
1.000000000000000000e+00 6.500836066631536792e-01
1.000000000000000000e+00 7.945466303660767560e-01
1.000000000000000000e+00 9.390096540689998328e-01
1.000000000000000000e+00 1.083472677771922799e+00
1.000000000000000000e+00 1.227935701474845986e+00
1.000000000000000000e+00 1.372398725177768952e+00
1.000000000000000000e+00 1.516861748880691918e+00
1.000000000000000000e+00 1.661324772583615106e+00
1.000000000000000000e+00 -1.661324772583615106e+00
1.000000000000000000e+00 -1.516861748880691918e+00
1.000000000000000000e+00 -1.372398725177768952e+00
1.000000000000000000e+00 -1.227935701474845986e+00
1.000000000000000000e+00 -1.083472677771922799e+00
1.000000000000000000e+00 -9.390096540689998328e-01
1.000000000000000000e+00 -7.945466303660767560e-01
1.000000000000000000e+00 -6.500836066631536792e-01
1.000000000000000000e+00 -5.056205829602307134e-01
1.000000000000000000e+00 -3.611575592573076365e-01
1.000000000000000000e+00 -2.166945355543845597e-01
1.000000000000000000e+00 -7.223151185146152453e-02
1.000000000000000000e+00 7.223151185146152453e-02
1.000000000000000000e+00 2.166945355543845597e-01
1.000000000000000000e+00 3.611575592573076365e-01
1.000000000000000000e+00 5.056205829602307134e-01
1.000000000000000000e+00 6.500836066631536792e-01
1.000000000000000000e+00 7.945466303660767560e-01
1.000000000000000000e+00 9.390096540689998328e-01
1.000000000000000000e+00 1.083472677771922799e+00
1.000000000000000000e+00 1.227935701474845986e+00
1.000000000000000000e+00 1.372398725177768952e+00
1.000000000000000000e+00 1.516861748880691918e+00
1.000000000000000000e+00 1.661324772583615106e+00
