5
6
7
96
97
98
99
100
101
126
127
128
129
162
163
165
167
174
176
177
178
179
180
181
182
184
185
196
272
291
294
327
328
329
330
333
334
398
399
409
412
413
436
462
463
464
465
469
479
480
481
510
511
593
685
686
689
690
704
713
717
718
847
848
983
984
989
990
991
992
995
996
999
1000
1011
1012
1015
1046
1047
1050
1051
1052
1053
1071
1097
1128
1129
1130
1131
1149
1150
1160
1161
1164
1165
1166
1167
1172
1175
1176
1177
1178
1183
1184
1188
1189
1202
1203
1207
1210
1242
1243
1244
1254
1263
1264
1272
1280
1281
1303
1304
1313
1314
1325
1334
1335
1336
1337
1338
1339
1360
1387
1388
1389
1394
1395
1396
1400
1401
1402
1403
1407
1408
1410
1415
1416
1417
1420
1450
1458
1459
1473
1474
1494
1496
1497
1509
1510
1513
1514
1515
1526
1533
1542
1543
1544
1548
1549
1550
1551
1552
1553
1554
1560
1573
1574
1575
1576
1599
1600
1604
1605
1608
1610
1633
1634
1635
1636
1637
1638
1639
1640
1641
1642
1644
1647
1666
1667
1673
1695
1708
1710
1713
1714
1715
1716
1723
1724
1726
1739
1758
1766
1767
1772
1773
1774
1775
1787
1788
1789
1790
1791
1797
1799
1800
1801
1802
1803
1804
1805
1807
1808
1824
1825
1826
1827
1828
1830
1831
1842
1844
1846
1854
1856
1857
1860
1861
1868
1869
1872
1881
1882
1884
1890
2005
2076
2077
2078
2079
2080
2081
2170
2171
2216
2217
2243
2244
2247
2248
2249
2250
2257
2260
2261
2271
2272
2297
2298
2299
2345
2347
2348
2409
2410
2506
2507
2570
2578
2590
2594
2595
2597
2601
2627
2628
2637
2640
2646
2649
2656
2660
2661
2663
2698
2719
2720
2721
2722
2724
2725
2726
2728
2730
2742
2813
2834
2835
2842
2844
2845
2846
2847
2848
2849
2850
2851
2861
2862
2865
2898
2946
2947
2949
2950
2951
2977
2979
2986
3022
3058
3059
3061
3062
3063
3064
3065
3073
3138
3150
3229
3233
3236
3237
3238
3239
3454
3468
3469
3488
3489
3506
3507
3516
3517
3526
3527
3528
3529
3535
3536
3537
3539
3550
3558
3560
3561
3562
3563
3564
3641
3642
3643
3644
3652
3653
3654
3655
3755
3756
3796
3932
3933
3961
4149
4150
4151
4152
4153
4154
4185
4197
4198
4199
4200
4201
4202
4204
4484
4486
4487
4568
4569
4582
4733
4734
4735
4736
4737
4738
4739
4740
4745
4746
4751
4752
4759
4770
4771
4772
4773
4793
4794
4815
4816
4817
4818
4838
4840
4873
4874
4875
4876
4877
4878
4879
4880
4881
4882
4883
4884
4989
4993
5016
5019
5020
5021
5022
5023
5025
5096
5120
5125
5126
5127
5128
5129
5130
5134
5414
5648
5649
5650
5651
5684
5688
5689
5690
5693
5757
5759
5761
5938
5939
5946
5948
5949
5951
5978
5979
5980
5981
5982
5983
5997
6001
6002
6004
6005
6038
6073
6076
6132
6133
6134
6135
6137
6142
6147
6148
6149
6150
6151
6154
6155
6189
6193
6275
6276
6277
6278
6279
6280
6283
6284
6287
6288
6289
6290
6321
6325
6331
6340
6373
6374
6375
6376
6377
6378
6380
6381
6383
6384
6385
6386
6524
6525
6528
6529
6532
6533
6534
6535
6536
6537
6538
6539
6580
6584
6585
6586
6587
6588
6589
6594
6595
6597
6598
6599
6618
6619
6640
6642
6643
6650
6651
6652
6653
6654
6655
6656
6657
6661
6768
6769
6771
6774
6778
6779
6780
6781
6782
6783
6784
6785
6786
6794
6795
6796
6806
6807
6808
6809
6812
6813
6814
6815
6816
6817
6818
6822
6824
7505
7506
7507
7508
7511
7518
8144
8145
8146
8147
8148
8149
8334
8335
8336
8337
8338
8339
8366
8367
8368
8369
8370
8371
8372
8373
8375
8385
8392
8395
8396
8397
8398
8399
8401
8404
8473
8566
8567
8568
8569
8570
8571
8581
8582
8583
8584
8585
8587
8588
8593
8596
8597
8601
8606
8612
8613
8614
8615
8616
8618
8619
8620
8621
8622
8623
8625
8626
8627
8628
8629
8630
8631
8632
8648
8649
8650
8651
8652
8653
8654
8655
8656
8657
8658
8660
8675
8677
8678
8679
8680
8681
8682
8684
8685
8686
8687
8688
8690
8693
8694
8695
8699
8700
8707
8708
8710
8711
8724
8745
8747
8951
8952
8953
8954
9405
9461
9462
9463
9616
9617
9618
9619
9620
9621
9646
9647
9715
9716
9717
9720
9721
9724
9725
9726
9730
9731
9732
9770
9803
9804
9806
9807
9808
9809
9810
9811
9812
9903
9944
9945
9946
9947
9948
9949
9952
9964
9967
9968
9969
9977
9978
9979
9980
9981
9982
9985
9986
9987
9991
10036
10037
10038
10039
10061
10062
10074
10075
10078
10085
10100
10112
10113
10114
10115
10116
10117
10118
10119
10120
10121
10122
10123
10124
10125
10126
10128
10129
10130
10131
10132
10133
10134
10135
10136
10137
10138
10182
10183
10184
10185
10186
10187
10188
10190
10191
10490
10492
10494
10497
10498
10508
10509
10510
10511
10526
10527
10530
10531
10534
10535
10735
10763
10810
10830
11032
11033
11034
11035
11037
11038
11532
11533
11534
11535
11536
11537
11626
11627
11628
11634
11635
11637
11687
11688
11690
11691
11735
11736
11737
11738
11740
11741
11821
11822
11826
11977
11978
11979
11980
11981
11982
11983
11984
11985
11986
11987
11988
11989
11990
12110
12111
12120
12121
12122
12123
12124
12125
12126
12127
12128
12129
12132
12133
12134
12135
12506
12728
12729
12730
12731
12732
12736
12737
12738
12751
12752
12753
12754
12755
12756
12757
12758
12759
12781
12782
12788
12790
12796
12798
12799
12810
12811
12815
12820
12821
12822
12826
12827
12840
12841
12842
12843
12844
12845
12846
12847
12854
12855
12856
12857
12858
12859
12860
12861
12862
12863
12864
12865
12866
12867
12868
12878
12888
13326
13327
13328
13329
13367
13368
13641
13782
13784
13785
13788
13794
13795
13796
13797
13798
13799
13844
13845
13846
13847
13848
13849
13850
13851
13852
13853
13854
13855
13896
13897
13899
13902
13903
13904
13906
13907
13908
13909
13910
13911
13912
13913
13914
13915
13916
13917
13918
13919
13926
13927
14097
14098
14099
14100
14101
14102
14141
14142
14143
14144
14216
14250
14251
14252
14253
14254
14255
14257
14258
14259
14260
14261
14262
14263
14264
14265
14267
14271
14272
14274
14275
14320
14336
14338
14339
14340
14342
14343
14344
14346
14434
14441
14778
14780
14825
14826
14888
14889
14890
14891
14892
14893
14894
14895
14898
14899
14907
14908
14909
14910
14911
14916
14919
14920
14921
14927
14932
14933
14934
14935
14940
14941
14942
14945
14970
14971
14974
14975
15221
15222
15227
15278
15279
15282
15283
15489
15491
15492
15495
15496
15515
15516
15596
15597
15598
15599
15605
15612
15624
15787
15843
15844
15845
15846
15863
15864
15865
15867
15868
16029
16152
16177
16179
16180
16190
16191
16192
16381
16383
16384
16385
16387
16388
16389
16390
16391
16392
16474
16475
16476
16480
16487
16503
16504
16530
16531
16532
16533
16534
16535
16536
16690
16691
16692
17181
17183
17187
17188
17189
17190
17192
17193
17194
17320
17321
17322
17323
17324
17326
17327
17330
17331
17382
17383
17492
17493
17494
17495
17496
17497
17498
17501
17502
17624
17629
17631
17632
17634
17638
17644
17656
17657
17699
17723
17724
17725
17726
17772
17818
17819
17820
17822
17823
17824
17825
17827
17838
17839
17848
17850
17852
17853
17854
17855
17905
17921
17922
17924
17925
17941
17942
18026
18029
18064
18066
18067
18068
18069
18070
18072
18073
18074
18075
18098
18099
18171
18172
18177
18178
18291
18292
18293
18294
18295
18296
18297
18298
18408
18409
18424
18425
18428
18429
18430
18431
18432
18433
18436
18502
18503
18507
18510
18514
18515
18516
18517
18752
18753
18754
18757
18758
18762
18763
18764
18765
18768
18769
18771
18772
18773
18830
19047
19048
19050
19165
19166
19167
19168
19183
19184
19185
19186
19187
19188
19289
19290
19306
19310
19311
19312
19313
19314
19316
19326
19350
19363
19431
19464
19465
19466
19521
19547
19548
19557
19558
19561
19562
19567
19574
19575
19603
19604
19611
19617
19618
19620
19622
19624
19655
19670
19672
19673
19674
19678
19679
19680
19681
19682
19688
19702
19703
19754
19755
19756
19759
19760
19905
19906
19908
19909
19918
19937
19938
19939
19978
19979
19980
19981
19982
19983
19984
19985
19986
19987
19998
20031
20094
20106
20107
20114
20115
20116
20117
20118
20119
20128
20129
20218
20219
20220
20223
20257
20341
20342
20346
20347
20348
20349
20361
20362
20363
20375
20376
20377
20378
20437
20457
20458
20464
20465
20467
20468
20469
20474
20534
20535
20560
20566
20573
20574
20579
20582
20584
20591
20598
20602
20678
20697
20718
20719
20726
20727
20728
20729
20736
20737
20738
20739
20740
20741
20745
20746
20747
20748
20749
20750
20751
20752
20753
20754
20755
20759
20764
20768
20769
20774
20776
20777
20800
20802
20803
20804
20805
20808
20809
20814
20818
20819
20822
20823
20824
20826
20827
20832
20833
20868
20869
20873
20875
20883
20898
20900
20901
20908
20909
20932
20933
20938
20939
20956
20957
21004
21005
21006
21021
21024
21025
21026
21027
21028
21029
21089
21127
21128
21133
21134
21238
21250
21266
21426
21427
21786
21787
21795
21796
21820
21824
21830
21831
21850
21851
21853
21901
21902
21903
21906
21914
21920
21923
21925
21926
21948
21954
21959
21960
21979
21998
21999
22007
22012
22013
22018
22043
22044
22058
22079
22080
22081
22082
22083
22084
22085
22086
22087
22088
22089
22090
22092
22093
22109
22127
22128
22136
22137
22140
22152
22153
22154
22155
22166
22167
22168
22169
22170
22171
22172
22179
22182
22183
22203
22207
22208
22209
22210
22247
22253
22254
22255
22256
22266
22267
22350
22351
22352
22354
22404
22405
22406
22407
22408
22409
22410
22411
22417
22422
22423
22424
22432
22557
22561
22570
22571
22572
22573
22578
22579
22581
22583
22641
22642
22643
22644
22645
22646
22647
22648
22649
22650
22653
22654
22655
22656
22658
22683
22694
22697
22698
22768
22769
22770
22771
22773
22774
22799
22803
22854
22861
22862
22886
22887
22934
22935
22941
22942
22949
22950
22965
22967
22968
22984
22990
22992
22993
23042
23043
23044
23050
23051
23052
23053
23054
23070
23075
23170
23171
23172
23173
23177
23179
23181
23182
23183
23184
23185
23186
23189
23190
23192
23193
23248
23255
23256
23257
23258
23298
23306
23359
23360
23391
23392
23411
23412
23413
23421
23424
23438
23439
23441
23442
23471
23472
23476
23477
23484
23485
23486
23513
23514
23515
23516
23539
23614
23615
23621
23653
23654
23655
23694
23695
23696
23698
23699
23700
23701
23729
23730
23733
23762
23763
23764
23765
23766
23767
23797
23799
23803
23807
23808
23809
23810
23833
23834
23835
23836
23837
23838
23839
23840
23841
23843
23844
23848
23873
23876
23877
23882
23883
23939
23946
23947
23948
23949
23954
23955
23957
23967
23971
24013
24022
24023
24024
24025
24028
24029
24030
24031
24032
24112
24113
24176
24177
24178
24179
24180
24245
24246
24247
24248
24297
24300
24301
24302
24304
24305
24306
24307
24312
24313
24319
24375
24404
24405
24406
24407
24409
24410
24411
24412
24413
24414
24415
24416
24417
24418
24419
24420
24421
24422
24423
24424
24425
24426
24448
24455
24456
24458
24461
24469
24491
24492
24493
24527
24567
24589
24590
24592
24599
24659
24660
24661
24663
24716
24917
24921
24922
25039
25040
25042
25045
25047
25048
25049
25050
25057
25060
25062
25077
25088
25089
25090
25096
25097
25098
25099
25100
25101
25102
25151
25152
25205
25206
25258
25331
25376
25377
25378
25381
25382
25384
25385
25390
25447
25449
25450
25451
25452
25453
25454
25455
25456
25540
25541
25545
25713
25714
25813
25843
25844
25852
25867
25897
25898
25900
25902
25904
25913
25914
25916
25917
25918
25923
25924
25925
25926
25929
25930
25931
25932
25933
25934
25935
25936
25937
25938
25939
25942
25973
25975
25976
25977
26025
26026
26027
26029
26030
26037
26043
26064
26093
26094
26127
26128
26129
26130
26169
26171
26208
26209
26210
26211
26212
26216
26217
26222
26223
26224
26238
26239
26241
26266
26267
26300
26311
26313
26314
26318
26322
26324
26327
26328
26351
26353
26356
26532
26560
26561
26563
26565
26581
26582
26996
26997
27004
27005
27006
27007
27008
27009
27010
27011
27012
27013
27018
27020
27028
27029
27089
27090
27106
27114
27127
27128
27132
27137
27139
27140
27142
27145
27146
27147
27148
27149
27150
27151
27152
27153
27154
27155
27156
27157
27158
27175
27176
27178
27179
27180
27181
27182
27183
27184
27187
27188
27259
27260
27261
27265
27266
27268
27287
27288
27289
27291
27296
27297
27298
27302
27304
27305
27306
27307
27308
27310
27312
27602
27609
27610
27611
27612
27613
27675
27676
27677
27678
27863
27864
27865
27866
27867
27868
28165
28166
28167
28170
28171
28223
28224
28226
28227
28229
28246
28247
28248
28249
28441
28462
28485
28486
28487
28488
28762
28786
28788
28789
28804
28805
28806
28828
28829
28868
28869
28870
28871
28872
28873
28890
28892
28893
28895
28898
28899
28906
28907
28908
28909
28910
28915
29009
29010
29080
29169
29170
29172
29173
29212
29215
29216
29217
29237
29238
29372
29374
29377
29414
29417
29418
29419
29421
29422
29423
29460
29461
29463
29464
29465
29466
29467
29482
29483
29485
29486
29487
29488
29489
29490
29491
29492
29493
29494
29495
29496
29497
29498
29499
29500
29501
29502
29503
29504
29505
29512
29513
29522
29523
29524
29525
29534
29535
29536
29548
29549
29553
29554
29555
29633
29634
29654
29669
29670
29677
29735
29736
29827
29829
29832
29833
29834
29835
29877
29878
29879
29880
29889
29955
29956
29958
29959
29960
29961
29962
29963
29964
29966
29967
29968
29971
29972
29981
29982
29990
29991
29994
29996
29997
30059
30060
30061
30062
30064
30078
30080
30276
30277
30278
30281
30284
30286
30287
30322
30323
30325
30326
30327
30328
30329
30330
30331
30332
30333
30340
30341
30342
30343
30344
30345
30352
30353
30443
30444
30445
30561
30569
30571
30579
30581
30582
30608
30609
30638
30705
30706
30716
30879
30880
30882
30913
30917
30918
30919
30920
30964
30967
30971
30975
30976
31024
31025
31035
31632
31633
31702
31763
31979
31982
32139
32141
32348
32363
32568
32579
32610
32665
32672
32673
32674
32675
32691
32692
32693
32694
32696
32697
32698
32699
32713
32754
32784
32785
32789
32792
32793
32852
32914
32920
32921
32922
32923
32924
32926
32929
32930
32931
32935
32939
32940
32941
32942
32943
32945
32946
32947
32948
32949
32950
32951
32970
32971
32972
32973
33148
33149
33150
33151
33152
33209
33210
33213
33215
33216
33217
33218
33377
33379
33380
33381
33554
33555
33556
33558
33706
33710
33788
33789
33790
33791
33792
33793
33806
33807
33808
33809
34781
34784
34785
34786
34788
34789
34790
34791
34798
34799
34800
34801
34886
34887
35195
35196
35233
35258
35259
35261
35262
35263
35264
35265
35267
35271
35312
35314
35315
35365
35366
35367
35374
35375
35376
35377
35380
35381
35382
35432
35500
35501
35502
35503
35506
35507
35508
35509
35510
35511
35532
35533
35545
35546
35548
35604
35605
35606
35607
35608
35850
35855
35924
35925
35930
36125
37072
37074
37076
37077
37078
37132
37133
37134
37135
37165
37167
37168
37174
37179
37180
37182
37183
37184
37185
37186
37203
37204
37491
37492
37499
37510
37511
37580
37581
37582
37583
37695
37699
37728
37729
37760
37761
37764
37765
37788
38365
38366
38367
38368
38468
38472
38526
38527
38530
38531
38533
38563
38564
38565
38566
38567
38568
38569
38570
38658
38662
38664
38725
38726
38729
38730
38770
38771
38788
38849
38865
38898
38899
38903
38943
38944
38945
38946
38955
38956
38957
38958
38959
38960
38961
38962
38963
38964
38965
38966
38967
38968
39119
39147
39148
39154
39155
39157
39178
39179
39198
39199
39339
39340
39348
39380
39381
39386
39387
39388
39389
39392
39393
39398
39455
39456
39458
39460
39461
39619
39620
39686
39687
39690
39691
39692
39693
39694
39696
39697
39698
39947
39948
40015
40016
40081
40082
40083
40084
40085
40086
40087
40088
40546
40547
40548
40549
40564
40581
40673
40674
40675
40676
40860
40870
40878
40879
40880
40881
40882
40883
41302
41348
41349
41360
41361
41408
41409
41424
41505
41506
41586
41587
41589
41590
41591
41592
41593
41595
41596
41597
41598
41599
41600
41601
41602
41690
41692
41693
41694
41695
41696
41697
41699
41702
41728
41729
41787
41797
41837
41840
41841
41842
41843
41844
41847
41848
42007
42008
42009
42010
42011
42012
42020
42021
42081
42082
42085
42086
42106
42107
42108
42109
42110
42111
42112
42113
42115
42116
42126
42188
42189
42190
42196
42199
42200
42201
42205
42237
42238
42242
42286
42287
42318
42319
42360
42363
42364
42366
42400
42401
42412
42416
42417
42419
42421
42422
42541
42542
42543
42544
42558
42611
42614
42621
42623
42624
42625
42626
42627
42628
42629
42630
42747
42749
42750
42751
42755
42756
42973
43102
43117
43118
43136
43147
43148
43149
43150
43151
43152
43153
43232
43279
43280
43281
43282
43283
43285
43286
43287
43294
43295
43296
43297
43299
43304
43305
43306
43307
43311
43312
43480
43515
43516
43531
43532
43563
43583
43591
43594
43595
43621
43622
43623
43624
43625
43643
43647
43648
43652
43653
43655
43656
43658
43659
43660
43666
43670
43716
43717
43764
43765
43768
43769
43780
43784
43785
43839
43840
43844
43852
43853
43854
43855
43864
43865
43866
43872
43873
43874
43875
43886
43890
43891
43900
43901
43902
43903
43904
43905
43952
43954
43955
43960
43982
43983
44113
44114
44124
44125
44136
44139
44146
44162
44172
44173
44182
44185
44188
44215
44361
44374
44375
44383
44458
44459
44568
44569
44628
44629
44632
44633
44634
44635
44636
44676
44693
44694
44695
44696
44697
44698
44706
44707
44708
44720
44741
44742
44744
44753
44754
44800
44801
44802
44839
44840
44853
44871
44872
44873
44908
44909
45050
45051
45184
45185
45187
45196
45200
45368
45369
45370
45384
45396
45397
45401
45402
45409
45411
45414
45415
45416
45420
45421
45422
45423
45424
45425
45426
45427
45428
45429
45447
45448
45497
45498
45548
45549
45550
45555
45556
45653
45656
45657
45658
45659
45660
45661
45702
45703
45704
45705
45706
45795
45842
45843
45879
45880
45886
45928
45929
45949
45950
45951
45952
45953
45954
46123
46124
46217
46218
46219
46220
46221
46222
46223
46269
46270
46272
46324
46325
46326
46328
46329
46384
46385
46395
46396
46432
46483
46484
46485
46486
46487
46526
46527
46542
46543
46546
46743
46745
46746
46747
46748
46751
46752
46781
46785
46786
46881
46882
46883
46884
46885
46886
46888
46967
46968
46977
46978
46982
46987
46988
46989
46990
46991
46992
46993
47028
47029
47034
47035
47102
47103
47104
47105
47201
47202
47209
47230
47240
47247
47248
47249
47518
47519
47520
47521
47537
47539
47540
47573
47574
47575
47576
47597
47621
47622
47623
47624
47626
47627
47628
47651
47652
47653
47654
47655
47656
47713
47805
47841
47917
47944
47945
47946
47947
47948
47949
47950
47951
47952
47955
47956
47957
47958
47959
47960
47961
48024
48025
48026
48027
48033
48034
48035
48036
48040
48041
48071
48135
48136
48181
48183
48200
48201
48418
48419
48420
48421
48423
48424
48425
48426
48427
48662
48663
48666
48668
48758
48784
48785
48786
48787
48788
48789
48790
48791
48792
48793
48943
49019
49040
49041
49042
49043
49044
49045
49076
49077
49176
49233
49234
49235
49236
49237
49249
49250
49527
49528
49529
49530
49532
49533
49534
49535
49537
49539
49540
49541
49542
49543
49544
49545
49546
49547
49548
49549
49550
49551
49552
49553
49554
49563
49567
49568
49570
49571
49780
49782
49783
49785
49898
49899
49900
49901
49902
49903
50155
50165
50167
50282
50283
50295
50322
50323
50334
50335
50336
50339
50376
50415
50417
50419
50420
50435
50453
50454
50465
50466
50467
50468
50470
50471
50475
50476
50477
50478
50479
50481
50483
50484
50490
50496
50498
50499
50511
50516
50517
50519
50524
50569
50597
50598
50599
50600
50601
50602
50605
50607
50608
50609
50610
50611
50612
50613
50614
50615
50616
50617
50618
50621
50622
50623
50624
50626
50628
50629
50632
50636
50637
50638
50639
50642
50643
50645
50658
50659
50694
50695
50699
50749
50750
50751
50752
50753
50754
50757
50776
50778
50780
50781
50782
50783
51213
51215
51216
51217
51218
51219
51220
51221
51222
51223
51224
51226
51229
51230
51231
51232
51233
51234
51235
51277
51278
51279
51300
51301
51302
51303
51304
51455
51456
51457
51458
51459
51460
51461
51479
51480
51487
51488
51490
51491
51496
51528
51529
51530
51531
51550
51555
51556
51593
51623
51665
51671
51672
51673
51674
51678
51679
51680
51683
51685
51753
51757
51760
51902
51903
51905
51945
51946
52028
52029
52033
52035
52036
52056
52073
52074
52077
52079
52080
52418
52420
52421
52422
52423
52424
52425
52426
52427
52428
52429
52441
52508
52509
52510
52511
52512
52514
52515
52516
52517
52528
52529
52532
52546
52547
52566
52567
52570
52587
52666
52667
52668
52669
52671
52672
52674
52675
52688
52689
52708
52740
52741
52742
52743
52748
52749
52750
52751
52754
52755
52758
53009
53010
53050
53056
53057
53093
53094
53095
53096
53424
53427
53428
53430
53431
53432
53433
53435
53436
53437
53466
53467
53468
53469
53475
53477
53478
53764
53780
53781
53785
53786
53788
53792
53793
53794
53795
53796
53797
53799
53800
53801
53802
53803
53804
53805
54153
54283
54284
54289
54290
54291
54292
54293
54294
54307
54308
54328
54376
54377
54395
54396
54397
54477
54478
54488
54631
54632
54639
54640
54641
54642
54775
55128
55130
55132
55133
55134
55135
55136
55137
55138
55139
55140
55141
55142
55143
55144
55145
55146
55147
55148
55149
55150
55151
55152
55153
55154
55155
55210
55211
55215
55216
55217
55220
55221
55270
55271
55275
56352
56353
56356
56372
56373
56374
56375
56376
56377
56382
56691
56692
56693
56694
56695
56696
56699
56759
56799
56800
56801
56802
56811
56812
56814
56815
56816
56817
56818
56819
56820
57005
57006
57007
57008
57009
57010
57011
57012
57013
57014
57015
57016
57017
57024
57025
57026
57038
57040
57041
57042
57230
57231
57232
57233
57234
57235
57236
57237
57239
57242
57256
57258
57259
57260
57261
57262
57263
57264
57265
57393
57394
57395
57396
57397
57398
57448
57449
57487
57488
57489
57581
57582
57583
57584
57723
57724
57725
57726
57727
57728
57729
57730
57731
58325
58326
58355
58356
58357
58358
58359
58360
58361
58363
58364
58562
58563
58564
58565
58566
58567
58608
58609
58610
58611
58613
58738
58739
58740
58741
58742
58743
58754
58793
58794
58796
58948
58953
58954
58956
58977
59043
59044
59077
59078
59130
59136
59257
59258
59259
59260
59261
59262
59263
59265
59266
59267
59268
59271
59272
59273
59274
59275
59276
59277
59278
59279
59280
59281
59282
59284
59285
59286
59287
59288
59289
59345
59346
59347
59349
59485
59486
59487
59488
59489
59490
59553
59554
59735
59855
59856
59857
59858
59862
60166
60184
60185
60189
60191
60198
60199
60237
60238
60239
60240
60335
60372
60373
60385
60387
60388
60403
60419
60420
60421
60422
60432
60743
60744
60971
60983
60996
61045
61046
61151
61152
61153
61154
61159
61160
61173
61174
61177
61215
61216
61229
61261
61262
61339
61340
61344
61359
61360
61380
61455
61456
61457
61458
61459
61460
61589
61600
61632
61633
61634
61636
61652
61653
61761
61762
61867
61868
62037
62038
62039
62041
62042
62043
62092
62093
62097
62098
62099
62112
62113
62115
62128
62147
62148
62156
62189
62190
62191
62192
62198
62199
62200
62201
62202
62204
62207
62270
62309
62339
62344
62372
62374
62375
62376
62382
62383
62384
62385
62391
62394
62395
62397
62408
62410
62411
62412
62414
62416
62417
62420
62421
62422
62425
62431
62432
62433
62448
62474
62475
62478
62479
62480
62481
62496
62510
62512
62513
62524
62525
62526
62528
62549
62550
62552
62553
62554
62557
62558
62560
62577
62578
62579
62580
62707
62708
62710
62711
62716
62717
62718
62719
62752
62753
62849
62850
62851
62852
62853
62854
62875
62876
62879
62880
62884
62901
62902
62903
62904
62905
62906
62909
62912
62913
62929
62930
62937
62938
62947
63017
63020
63025
63034
63067
63068
63071
63072
63073
63074
63087
63091
63095
63096
63110
63111
63112
63115
63116
63117
63118
63123
63124
63129
63130
63131
63132
63135
63136
63173
63174
63175
63197
63198
63250
63251
63253
63254
63261
63266
63267
63268
63269
63272
63273
63274
63275
63276
63277
63278
63289
63307
63338
63343
63345
63357
63358
63363
63364
63365
63402
63403
63422
63441
63442
63443
63444
63447
63453
63454
63455
63456
63457
63458
63460
63474
63482
63487
63490
63492
63495
63496
63500
63501
63502
63503
63504
63509
63513
63514
63537
63538
63539
63540
63567
63568
63569
63580
63590
63595
63596
63606
63613
63614
63620
63621
63622
63623
63632
63633
63638
63639
63651
63652
63653
63654
63661
63662
63674
63675
63679
63688
63690
63694
63695
63696
63702
63770
63787
63791
63797
63798
63803
63822
63823
63824
63834
63835
63843
63859
63862
63867
63868
63869
63870
63871
63875
63882
63910
63911
63915
63935
63936
63937
63938
63939
63940
63941
63943
63958
63975
63976
64048
64092
64096
64097
64103
64119
64121
64142
64154
64166
64190
64191
64198
64199
64200
64201
64202
64203
64204
64205
64242
64243
64258
64259
64266
64281
64282
64283
64284
64285
64286
64287
64288
64289
64291
64292
64436
64556
64557
64558
64559
64576
64577
64579
64597
64598
64599
64600
64630
64631
64650
64652
64659
64691
64695
64719
64740
64741
64742
64743
64746
64903
64904
64905
64906
64908
64919
64920
64930
64956
64966
65014
65015
65016
65017
65022
65023
65024
65025
65026
65027
65032
65034
65039
65043
65044
65045
65062
65073
65074
65075
65076
65159
65160
65164
65165
65166
65167
65168
65202
65203
65247
65249
65250
65251
65252
65277
65278
65283
65310
65322
65325
65341
65342
65347
65348
65415
65420
65421
65424
65425
65438
65448
65449
65464
65465
65478
65479
65489
65490
65491
65493
65494
65495
65500
65501
65502
65503
65504
65508
65509
65526
65527
65528
65533
65534
65538
65542
65543
65544
65545
65615
65664
65755
65771
65772
65773
65774
65775
65776
65887
65911
65912
66066
66067
66068
66069
66070
66072
66073
66074
66105
66180
66181
66182
66221
66223
66229
66230
66231
66323
66324
66327
66328
66333
66388
66389
66392
66393
66394
66395
66414
66415
66431
66433
66434
66436
66547
66549
66574
66575
66587
66588
66589
66623
66624
66657
66661
66662
66664
66666
66725
66726
66727
66728
66836
66837
66838
66841
66944
66955
67008
67009
67011
67090
67092
67093
67135
67136
67137
67138
67139
67140
67141
67142
67143
67144
67145
67146
67147
67148
67150
67269
67270
67271
67272
67299
67300
67322
67324
67328
67329
67331
67332
67333
67487
67488
67489
67490
67491
67492
67497
67498
67499
67500
67501
67502
67503
67504
67505
67506
67509
67510
67511
67512
67513
67514
67515
67516
67517
67518
67519
67522
67523
67524
67578
67579
67582
67587
67588
67589
67652
67653
67675
67676
67677
67678
67679
67683
67710
67711
67712
67713
67714
67715
67748
67750
67751
68195
68217
68221
68223
68224
68225
68227
68228
68229
68230
68231
68232
68233
68241
68242
68243
68244
68245
68246
68247
68248
68249
68250
68255
68256
68361
68362
68363
68364
68365
68366
68368
68403
68404
68405
68406
68622
68626
68627
68903
68904
68907
68908
69011
69012
69013
69015
69025
69028
69031
69097
69110
69111
69117
69150
69153
69154
69156
69158
69160
69163
69219
69220
69221
69225
69230
69234
69235
69236
69237
69238
69239
69240
69241
69242
69243
69244
69245
69246
69247
69248
69249
69250
69251
69253
69254
69256
69259
69260
69269
69270
69271
69272
69277
69279
69280
69297
69366
69694
69708
69709
69711
69714
69715
69716
69717
69723
69764
69767
69782
69783
69925
69963
69964
70056
70343
70350
70351
70355
70445
70532
70533
70534
70535
70536
70537
70539
70557
70560
70563
70564
70565
70635
70636
70637
70638
70639
70640
70641
70642
70643
70644
70645
70646
70647
70648
70649
70650
70651
70652
70653
70654
70711
70712
70713
70756
70779
70927
70928
70935
70995
71036
71037
71047
71065
71068
71196
71197
71198
71216
71251
71253
71255
71261
71296
71297
71298
71299
71308
71309
71314
71315
71316
71317
71318
71320
71323
71324
71331
71332
71333
71334
71335
71336
71355
71356
71393
71394
71432
71436
71437
71438
71439
71440
71441
71445
71503
71504
71505
71507
71514
71554
71572
71573
71636
71637
71940
71941
71942
71985
71986
72152
72153
72155
72156
72160
72161
72162
72163
72164
72165
72166
72194
72196
72236
72237
72238
72239
72240
72241
72242
72243
72244
72245
72248
72249
72250
72251
72252
72253
72340
72377
72409
72410
72411
72413
72417
72418
72419
72420
72421
72422
72423
72426
72427
72428
72429
72430
72431
72432
72433
72438
72439
72441
72444
72445
72450
72452
72453
72454
72455
72577
72650
72651
72652
72653
72665
72676
72677
72714
72798
72850
72851
72852
72854
72855
72933
73124
73125
73128
73129
73133
73138
73140
73142
73143
73160
73161
73165
73166
73192
73193
73228
73257
73258
73259
73341
73342
73343
73344
73439
73507
73514
73528
73529
73589
73597
73598
73599
73664
73678
73679
73680
73685
73746
73749
73750
73813
73814
73818
73918
73919
73920
73921
73922
73923
73924
73925
73926
73927
73928
73929
73930
73933
73934
74028
74029
74135
74712
74715
74716
74721
74726
74727
74728
74729
74730
74737
74738
74792
74793
74794
74795
74796
74797
74798
74799
74800
74801
74815
74816
74817
74818
74819
74820
74821
74822
74823
74824
74825
74826
74827
74828
74830
74831
74832
74835
74836
74837
74838
74839
74851
74852
74853
74854
74858
74859
74861
74867
74869
74870
75684
75685
75687
75688
75689
75690
75827
75828
75901
75902
75949
75950
76059
76060
76066
76067
76072
76075
76076
76077
76080
76082
76085
76086
76174
76356
76497
76507
76508
76569
76572
76580
76581
76655
76656
76846
76847
76848
76849
76850
76851
76899
76986
77185
77186
77188
77189
77190
77193
77356
77357
77358
77359
77364
77365
77366
77367
77371
77376
77377
77378
77379
77380
77381
77382
77383
77385
77386
77394
77395
77492
77493
77494
77495
77496
77497
77501
77502
77503
77538
77539
77609
77611
77612
77616
77625
77626
77680
77681
77684
77697
77698
77699
77700
77701
77702
77703
77742
77771
77772
77773
77774
77775
77850
77851
77870
77871
77873
77876
77879
77880
77881
77947
77948
77949
77950
77951
77952
77958
78057
78058
78498
78499
79054
79055
79056
79057
79120
79132
79134
79135
79137
79139
79140
79142
79248
79249
79256
79295
79296
79399
79400
79507
79508
79509
79510
79513
79514
79515
79516
79525
79526
79528
79529
79530
79537
79538
79539
79540
79541
79682
79696
79697
79698
79699
79707
79713
79755
79756
79757
79942
79943
80294
80295
80317
80318
80328
80345
80346
80349
80350
80354
80358
80359
80423
80443
80462
80538
80539
80540
80541
80545
80572
80573
80604
80823
80826
80828
80954
80955
81014
81015
81034
81035
81040
81041
81042
81043
81047
81048
81049
81050
81051
81052
81053
81054
81055
81056
81112
81170
81286
81338
81339
81340
81439
81440
81622
81626
81633
81796
81798
81841
81846
81847
81893
81895
81928
81929
81931
81937
81944
